T_10=[    16.6650
   16.6650
   16.6650
   16.6650
   16.6650
   16.6650
   16.6650
   16.6649
   16.6649
   16.6667
   16.7346
   
    ];
n_y1 = 10;
node_x1 = linspace(0,1,n_y1+1);


n_y2 = 20;
node_x2= linspace(0,1,n_y2+1);


T_20=[      16.6652
   16.6652
   16.6652
   16.6652
   16.6652
   16.6652
   16.6652
   16.6652
   16.6652
   16.6652
   16.6652
   16.6652
   16.6652
   16.6652
   16.6652
   16.6651
   16.6649
   16.6646
   16.6662
   16.6897
   16.8865
   
   ];

n_y3 = 30;
node_x3 = linspace(0,1,n_y3+1);


T_30=[    16.6652
   16.6652
   16.6652
   16.6652
   16.6652
   16.6652
   16.6652
   16.6652
   16.6652
   16.6652
   16.6652
   16.6652
   16.6652
   16.6652
   16.6652
   16.6652
   16.6652
   16.6652
   16.6652
   16.6652
   16.6651
   16.6651
   16.6651
   16.6650
   16.6648
   16.6644
   16.6641
   16.6656
   16.6783
   16.7425
   17.0178
   
   ];

n_y4 = 40;
node_x4 = linspace(0,1,n_y4+1);


T_40 =[ 
   16.6651
   16.6651
   16.6651
   16.6651
   16.6651
   16.6651
   16.6651
   16.6651
   16.6651
   16.6651
   16.6651
   16.6651
   16.6651
   16.6651
   16.6651
   16.6651
   16.6651
   16.6651
   16.6651
   16.6651
   16.6651
   16.6651
   16.6651
   16.6651
   16.6651
   16.6651
   16.6651
   16.6651
   16.6651
   16.6651
   16.6650
   16.6649
   16.6647
   16.6644
   16.6639
   16.6637
   16.6653
   16.6738
   16.7053
   16.8071
   17.1126
   ];


n_y5 = 50;
node_x5 = linspace(0,1,n_y5+1);
 T_50=[   16.6645
   16.6645
   16.6645
   16.6645
   16.6645
   16.6645
   16.6645
   16.6645
   16.6645
   16.6645
   16.6645
   16.6645
   16.6645
   16.6645
   16.6645
   16.6645
   16.6645
   16.6645
   16.6645
   16.6645
   16.6645
   16.6645
   16.6645
   16.6645
   16.6645
   16.6645
   16.6645
   16.6645
   16.6645
   16.6645
   16.6645
   16.6645
   16.6645
   16.6645
   16.6645
   16.6645
   16.6644
   16.6644
   16.6643
   16.6642
   16.6639
   16.6635
   16.6629
   16.6622
   16.6616
   16.6619
   16.6660
   16.6809
   16.7239
   16.8363
   17.1135
   ];


n_y6 = 60;
node_x6 = linspace(0,1,n_y6+1);
 T_60=[  16.6651
   16.6651
   16.6651
   16.6651
   16.6651
   16.6651
   16.6651
   16.6651
   16.6651
   16.6651
   16.6651
   16.6651
   16.6651
   16.6651
   16.6651
   16.6651
   16.6651
   16.6651
   16.6651
   16.6651
   16.6651
   16.6651
   16.6651
   16.6651
   16.6651
   16.6651
   16.6651
   16.6651
   16.6651
   16.6651
   16.6651
   16.6651
   16.6651
   16.6651
   16.6651
   16.6651
   16.6651
   16.6650
   16.6650
   16.6650
   16.6650
   16.6650
   16.6650
   16.6650
   16.6650
   16.6649
   16.6648
   16.6647
   16.6646
   16.6643
   16.6640
   16.6636
   16.6633
   16.6635
   16.6650
   16.6700
   16.6831
   16.7137
   16.7816
   16.9267
   17.2285];

n_y7 = 70;
node_x7 = linspace(0,1,n_y7+1);

T_70 =[   16.6650
   16.6650
   16.6650
   16.6650
   16.6650
   16.6650
   16.6650
   16.6650
   16.6650
   16.6650
   16.6650
   16.6650
   16.6650
   16.6650
   16.6650
   16.6650
   16.6650
   16.6650
   16.6650
   16.6650
   16.6650
   16.6650
   16.6650
   16.6650
   16.6650
   16.6650
   16.6650
   16.6650
   16.6650
   16.6650
   16.6650
   16.6650
   16.6650
   16.6650
   16.6650
   16.6650
   16.6650
   16.6650
   16.6650
   16.6650
   16.6650
   16.6650
   16.6650
   16.6650
   16.6650
   16.6650
   16.6650
   16.6650
   16.6650
   16.6650
   16.6650
   16.6650
   16.6649
   16.6649
   16.6648
   16.6647
   16.6645
   16.6643
   16.6640
   16.6637
   16.6633
   16.6632
   16.6635
   16.6650
   16.6691
   16.6788
   16.6993
   16.7407
   16.8216
   16.9760
   17.2651];

n_y8 = 80;
node_x8 = linspace(0,1,n_y8+1);

T_80=[   16.6650
   16.6650
   16.6650
   16.6650
   16.6650
   16.6650
   16.6650
   16.6650
   16.6650
   16.6650
   16.6650
   16.6650
   16.6650
   16.6650
   16.6650
   16.6650
   16.6650
   16.6650
   16.6650
   16.6650
   16.6650
   16.6650
   16.6650
   16.6650
   16.6650
   16.6650
   16.6650
   16.6650
   16.6650
   16.6650
   16.6650
   16.6650
   16.6650
   16.6650
   16.6650
   16.6650
   16.6650
   16.6650
   16.6650
   16.6650
   16.6650
   16.6650
   16.6650
   16.6650
   16.6650
   16.6650
   16.6650
   16.6650
   16.6650
   16.6650
   16.6650
   16.6650
   16.6650
   16.6650
   16.6650
   16.6650
   16.6650
   16.6650
   16.6649
   16.6649
   16.6649
   16.6648
   16.6647
   16.6646
   16.6645
   16.6643
   16.6640
   16.6637
   16.6634
   16.6632
   16.6631
   16.6635
   16.6649
   16.6685
   16.6760
   16.6908
   16.7186
   16.7694
   16.8599
   17.0186
   17.2933];


T_100=[   16.6650
   16.6650
   16.6650
   16.6650
   16.6650
   16.6650
   16.6650
   16.6650
   16.6650
   16.6650
   16.6650
   16.6650
   16.6650
   16.6650
   16.6650
   16.6650
   16.6650
   16.6650
   16.6650
   16.6650
   16.6650
   16.6650
   16.6650
   16.6650
   16.6650
   16.6650
   16.6650
   16.6650
   16.6650
   16.6650
   16.6650
   16.6650
   16.6650
   16.6650
   16.6650
   16.6650
   16.6650
   16.6650
   16.6650
   16.6650
   16.6650
   16.6650
   16.6650
   16.6650
   16.6650
   16.6650
   16.6650
   16.6650
   16.6650
   16.6650
   16.6650
   16.6650
   16.6650
   16.6650
   16.6650
   16.6650
   16.6650
   16.6650
   16.6650
   16.6650
   16.6650
   16.6650
   16.6650
   16.6650
   16.6650
   16.6650
   16.6650
   16.6650
   16.6650
   16.6650
   16.6650
   16.6649
   16.6649
   16.6649
   16.6649
   16.6648
   16.6648
   16.6647
   16.6647
   16.6646
   16.6644
   16.6643
   16.6641
   16.6638
   16.6636
   16.6633
   16.6631
   16.6629
   16.6630
   16.6635
   16.6649
   16.6676
   16.6727
   16.6817
   16.6968
   16.7218
   16.7623
   16.8269
   16.9286
   17.0876
   17.3338];
n_y9 = 100;
node_x9 = linspace(0,1,n_y9+1);

n_y10 = 110;
node_x10 = linspace(0,1,n_y10+1);

T_110 =[   16.6650
   16.6650
   16.6650
   16.6650
   16.6650
   16.6650
   16.6650
   16.6650
   16.6650
   16.6650
   16.6650
   16.6650
   16.6650
   16.6650
   16.6650
   16.6650
   16.6650
   16.6650
   16.6650
   16.6650
   16.6650
   16.6650
   16.6650
   16.6650
   16.6650
   16.6650
   16.6650
   16.6650
   16.6650
   16.6650
   16.6650
   16.6650
   16.6650
   16.6650
   16.6650
   16.6650
   16.6650
   16.6650
   16.6650
   16.6650
   16.6650
   16.6650
   16.6650
   16.6650
   16.6650
   16.6650
   16.6650
   16.6650
   16.6650
   16.6650
   16.6650
   16.6650
   16.6650
   16.6650
   16.6650
   16.6650
   16.6650
   16.6650
   16.6650
   16.6650
   16.6650
   16.6650
   16.6650
   16.6650
   16.6650
   16.6650
   16.6650
   16.6650
   16.6650
   16.6650
   16.6650
   16.6650
   16.6650
   16.6650
   16.6650
   16.6650
   16.6650
   16.6649
   16.6649
   16.6649
   16.6649
   16.6649
   16.6649
   16.6648
   16.6648
   16.6647
   16.6646
   16.6645
   16.6644
   16.6643
   16.6641
   16.6639
   16.6636
   16.6634
   16.6632
   16.6630
   16.6629
   16.6630
   16.6636
   16.6649
   16.6673
   16.6717
   16.6790
   16.6909
   16.7099
   16.7394
   16.7849
   16.8543
   16.9589
   17.1155
   17.3487];

n_y11 = 120;
node_x11 = linspace(0,1,n_y11+1);

